1626454813
1626454813
1626454813
1626454814
1626454815
1626454819
1626454820
1626454823
1626454825
1626454827
1626454833
1626454835
1626454838
1626454845
1626454845
1626454851
1626454853
1626454854
1626454854
1626454854
1626454854
1626454855
1626454855
1626454855
1626454855
1626454855
1626454856
1626454856
1626454860
1626454860
1626454863
1626454869
1626454888
1626454924
1626454936
1626454947
1626454966
1626454967
1626454967
1626454969
1626454969
1626454969
1626454969
1626454969
1626454969
1626454969
1626454969
1626454970
1626454970
1626454974
1626454975
1626454981
1626454981
1626454981
1626454981
1626454983
1626454985
1626454989
1626454990
1626454990
1626454991
1626454991
1626454992
1626454995
1626454996
1626454996
1626454997
1626454997
1626454997
1626454997
1626454999
1626455001
1626455001
1626455001
1626455001
1626455002
1626455002
1626455037
1626455068
1626455069
1626455074
1626455079
1626455083
1626455083
1626455090
1626455092
1626455099
1626455100
1626455100
1626455100
1626455100
1626455105
1626455119
1626455127
1626455130
1626455137
1626455160
1626455163
1626455168
1626455177
1626455193
1626455200
1626455205
1626455206
1626455208
1626455210
1626455213
1626455214
1626455215
1626455215
1626455215
1626455216
1626455216
1626455216
1626455217
1626455217
1626455219
1626455219
1626455220
1626455220
1626455220
1626455220
1626455221
1626455221
1626455222
1626455222
1626455222
1626455223
1626455223
1626455223
1626455223
1626455224
1626455225
1626455225
1626455225
1626455226
1626455226
1626455226
1626455226
1626455227
1626455227
1626455227
1626455228
1626455229
1626455229
1626455229
1626455230
1626455230
1626455231
1626455231
1626455232
1626455232
1626455233
1626455233
1626455234
1626455234
1626455235
1626455235
1626455236
1626455236
1626455237
1626455237
1626455239
1626455240
1626455240
1626455240
1626455241
1626455241
1626455243
1626455243
1626455243
1626455244
1626455245
1626455248
1626455249
1626455250
1626455250
1626455252
1626455253
1626455254
1626455254
1626455254
1626455254
1626455255
1626455255
1626455257
1626455263
1626455269
1626455269
1626455273
1626455273
1626455281
1626455282
1626455282
1626455285
1626455286
1626455288
1626455295
1626455295
1626455295
1626455297
1626455334
1626455335
1626455340
1626455353
1626455372
1626455379
1626455380
1626455382
1626455383
1626455383
1626455384
1626455386
1626455387
1626455387
1626455388
1626455389
1626455390
1626455396
1626455402
1626455407
1626455411
1626455412
1626455413
1626455420
1626455425
1626455427
1626455430
1626455437
1626455443
1626455461
1626455469
1626455469
1626455470
1626455477
1626455479
1626455479
1626455482
1626455485
1626455489
1626455490
1626455501
1626455506
1626455508
1626455512
1626455516
1626455516
1626455517
1626455517
1626455517
1626455520
1626455520
1626455522
1626455530
1626455530
1626455531
1626455532
1626455532
1626455534
1626455534
1626455535
1626455535
1626455537
1626455540
1626455545
1626455551
1626455552
1626455556
1626455557
1626455559
1626455562
1626455563
1626455564
1626455566
1626455566
1626455567
1626455569
1626455569
1626455570
1626455576
1626455577
1626455579
1626455579
1626455580
1626455582
1626455583
1626455586
1626455589
1626455589
1626455591
1626455592
1626455592
1626455593
1626455593
1626455594
1626455596
1626455597
1626455598
1626455600
1626455601
1626455603
1626455605
1626455606
1626455606
1626455608
1626455610
1626455614
1626455615
1626455615
1626455616
1626455616
1626455623
1626455623
1626455625
1626455625
1626455626
1626455627
1626455629
1626455633
1626455638
1626455640
1626455640
1626455644
1626455651
1626455651
1626455652
1626455653
1626455659
1626455661
1626455671
1626455673
1626455675
1626455680
1626455689
1626455693
1626455694
1626455694
1626455695
1626455699
1626455700
1626455705
1626455708
1626455709
1626455718
1626455720
1626455731
1626455732
1626455740
1626455741
1626455748
1626455751
1626455755
1626455760
1626455760
1626455763
1626455763
1626455764
1626455764
1626455765
1626455765
1626455765
1626455766
1626455766
1626455768
1626455769
1626455772
1626455773
1626455779
1626455780
1626455785
1626455801
1626455812
1626455820
1626455844
1626455869
1626455870
1626455876
1626455876
1626455879
1626455882
1626455883
1626455884
1626455885
1626455886
1626455887
1626455890
1626455891
1626455892
1626455893
1626455894
1626455894
1626455896
1626455896
1626455896
1626455897
1626455898
1626455898
1626455898
1626455900
1626455900
1626455901
1626455903
1626455904
1626455906
1626455907
1626455912
1626455914
1626455914
1626455915
1626455915
1626455919
1626455919
1626455921
1626455921
1626455921
1626455971
1626455979
1626455981
1626455981
1626455981
1626455983
1626455985
1626455986
1626455987
1626455988
1626455988
1626455991
1626455991
1626455991
1626455991
1626455995
1626455997
1626455999
1626456000
1626456008
1626456025
1626456047
1626456097
1626456104
1626456107
1626456112
1626456113
1626456120
1626456120
1626456120
1626456120
1626456121
1626456122
1626456123
1626456123
1626456133
1626456133
1626456145
1626456148
1626456148
1626456149
1626456150
1626456150
1626456154
1626456157
1626456157
1626456159
1626456161
1626456165
1626456166
1626456169
1626456171
1626456172
1626456172
1626456176
1626456177
1626456179
1626456181
1626456181
1626456184
1626456187
1626456191
1626456192
1626456195
1626456197
1626456205
1626456224
1626456229
1626456300
1626456300
1626456307
1626456312
1626456314
1626456316
1626456317
1626456318
1626456318
1626456329
1626456330
1626456331
1626456332
1626456333
1626456333
1626456335
1626456336
1626456338
1626456340
1626456340
1626456341
1626456342
1626456345
1626456346
1626456347
1626456352
1626456488
1626456507
1626456513
1626456516
1626456516
1626456517
1626456518
1626456519
1626456519
1626456520
1626456520
1626456520
1626456521
1626456523
1626456523
1626456524
1626456529
1626456568
1626456590
1626456591
1626456604
1626456609
1626456626
1626456626
1626456635
1626456660
1626456685
1626456702
1626456703
1626456709
1626456710
1626456713
1626456717
1626456717
1626456718
1626456721
1626456721
1626456724
1626456725
1626456725
1626456726
1626456728
1626456814
1626456884
1626456903
1626456943
1626456960
1626456964
1626456966
1626456970
1626456978
1626456986
1626456988
1626456990
1626456991
1626456997
1626457020
1626457020
1626457049
1626457053
1626457054
1626457056
1626457057
1626457057
1626457059
1626457062
1626457068
1626457069
1626457200
1626457243
1626457274
1626457276
1626457277
1626457277
1626457278
1626457278
1626457278
1626457280
1626457281
1626457281
1626457281
1626457281
1626457281
1626457281
1626457281
1626457282
1626457283
1626457283
1626457284
1626457285
1626457287
1626457287
1626457292
1626457292
1626457292
1626457292
1626457293
1626457293
1626457294
1626457295
1626457295
1626457295
1626457295
1626457295
1626457296
1626457296
1626457297
1626457298
1626457300
1626457301
1626457340
1626457440
1626457500
1626457519
1626457583
1626457600
1626457620
1626457620
1626457623
1626457629
1626457632
1626457633
1626457634
1626457641
1626457644
1626457646
1626457653
1626457657
1626457659
1626457660
1626457660
1626457664
1626457669
1626457670
1626457671
1626457672
1626457680
1626457702
1626457712
1626457800
1626457814
1626457814
1626457824
1626457859
1626457867
1626457869
1626457877
1626457882
1626457885
1626457956
1626458026
1626458037
1626458049
1626458050
1626458057
1626458063
1626458065
1626458103
1626458142
1626458158
1626458169
1626458170
1626458302
1626458314
1626458348
1626458354
1626458384
1626458392
1626458400
1626458405
1626458412
1626458416
1626458420
1626458423
1626458424
1626458460
1626458460
1626458520
1626458520
1626458576
1626458579
1626458585
1626458601
1626458609
1626458609
1626458622
1626458625
1626458627
1626458629
1626458631
1626458632
1626458636
1626458725
1626458727
1626458730
1626458731
1626458732
1626458732
1626458733
1626458733
1626458734
1626458735
1626458738
1626458739
1626458739
1626458741
1626458743
1626458744
1626458749
1626458751
1626458863
1626458940
1626458950
1626458955
1626459060
1626459060
1626459079
1626459095
1626459108
1626459108
1626459108
1626459112
1626459112
1626459113
1626459117
1626459119
1626459122
1626459122
1626459123
1626459124
1626459131
1626459131
1626459133
1626459134
1626459134
1626459135
1626459135
1626459136
1626459138
1626459138
1626459138
1626459141
1626459154
1626459167
1626459169
1626459300
1626459313
1626459315
1626459350
1626459356
1626459360
1626459363
1626459370
1626459370
1626459370
1626459370
1626459370
1626459374
1626459374
1626459376
1626459376
1626459376
1626459379
1626459385
1626459385
1626459386
1626459389
1626459391
1626459394
1626459395
1626459397
1626459398
1626459399
1626459400
1626459400
1626459402
1626459408
1626459411
1626459418
1626459419
1626459420
1626459420
1626459421
1626459426
1626459426
1626459429
1626459432
1626459434
1626459435
1626459436
1626459438
1626459443
1626459630
1626459650
1626459840
1626459873
1626459886
1626459893
1626459898
1626459899
1626459908
1626459908
1626459911
1626460055
1626460057
1626460065
1626460078
1626460100
1626460308
1626460322
1626460338
1626460424
1626460459
1626460471
1626460472
1626460474
1626460478
1626460480
1626460509
1626460513
1626460515
1626460516
1626460519
1626460521
1626460526
1626460528
1626460529
1626460530
1626460532
1626460535
1626460536
1626460536
1626460544
1626460547
1626460549
1626460557
1626460558
1626460567
1626460571
1626460572
1626460581
1626460585
1626460586
1626460588
1626460594
1626460600
1626461025
1626461105
1626461108
1626461108
1626461127
1626461133
1626461139
1626461144
1626461144
1626461400
1626461401
1626461442
1626461632
1626461658
1626461661
1626461700
1626461779
1626461987
1626461997
1626462000
1626462001
1626462017
1626462060
1626462061
1626462108
1626462114
1626462120
1626462171
1626462238
1626462266
1626462307
1626462330
1626462336
1626462359
1626462540
1626462540
1626462553
1626462564
1626462577
1626462605
1626462741
1626462759
1626462770
1626462807
1626462813
1626462818
1626462824
1626462840
1626462913
1626462923
1626463099
1626463140
1626463162
1626463162
1626463163
1626463273
1626463285
1626463341
1626463390
1626463440
1626463479
1626463485
1626463504
1626463535
1626463737
1626463740
1626463771
1626463775
1626463775
1626463788
1626463800
1626463905
1626463913
1626463914
1626463933
1626463936
1626463961
1626463974
1626463984
1626463990
1626464012
1626464013
1626464024
1626464030
1626464060
1626464115
1626464140
1626464160
1626464171
1626464217
1626464220
1626464228
1626464229
1626464287
1626464342
1626464383
1626464421
1626464444
1626464450
1626464466
1626464486
1626464503
1626464544
1626464545
1626464590
1626464607
1626464645
1626464664
1626464688
1626464709
1626464716
1626464726
1626464780
1626464790
1626464798
1626464850
1626464913
1626465036
1626465180
1626465224
1626465311
1626465334
1626465350
1626465363
1626465374
1626465415
1626465559
1626465617
1626465626
1626465653
1626465655
1626465762
1626465778
1626465795
1626465854
1626466021
1626466083
1626466095
1626466147
1626466202
1626466216
1626466250
1626466361
1626466436
1626466443
1626466547
1626466562
1626466680
1626466879
1626466929
1626466980
1626467039
1626467172
1626467203
1626467280
1626467283
1626467350
1626467352
1626467425
1626467534
1626467624
1626467710
1626468060
1626468114
1626468300
1626468432
1626468573
1626468720
1626468983
1626469077
1626469086
1626469144
1626469188
1626469246
1626469440
1626469464
1626469725
1626469733
1626469924
1626469928
1626469934
1626469984
1626469986
1626470040
1626470082
1626470144
1626470184
1626470198
1626470208
1626470270
1626470400
1626470575
1626470640
1626470681
1626470760
1626470781
1626470943
1626471008
1626471057
1626471144
1626471257
1626471527
1626471544
1626471553
1626471553
1626471875
1626471997
1626472043
1626472049
1626472307
1626472389
1626472430
1626472430
1626472603
1626472605
1626472608
1626472930
1626473161
1626473294
1626473400
1626473439
1626473816
1626473886
1626474017
1626474080
1626474516
1626474584
1626474822
1626474839
1626475154
1626475308
1626475324
1626475777
1626475980
1626476236
1626476247
1626476416
1626476552
1626476686
1626476766
1626476933
1626477204
1626477259
1626477344
1626478210
1626478473
1626478661
1626478685
1626479239
1626479275
1626479287
1626479919
1626480180
1626480445
1626482271
1626482460
1626482958
1626483936
1626484350
1626484609
1626484980
1626485030
1626488640
1626488791
1626490753
1626491396
1626495305
1626495438
1626495784
1626496736
1626497829
1626498338
1626499070
1626499986
1626500383
1626500801
1626501460
1626502058
1626502872
1626503865
1626504100
1626504347
1626506107
1626506245
1626506269
1626507067
1626507343
1626507481
1626507737
1626508203
1626508496
1626508647
1626509664
1626509748
1626509956
1626511080
1626513251
1626514013
1626514723
1626515410
1626517897
1626519762
1626519847
1626519991
1626521164
1626521238
1626522044
1626522772
1626522825
1626523116
1626523644
1626523757
1626526202
1626528165
1626529266
1626530038
1626531186
1626531960
1626532389
1626533851
1626534931
1626535247
1626535260
1626535572
1626535618
1626538080
1626539460
1626540196
1626540720
1626542884
1626544821
1626544939
1626545601
1626545798
1626546370
1626548241
1626549009
1626549300
1626550751
1626551783
1626552001
1626553680
1626554069
1626554484
1626554852
1626554878
1626555086
1626556047
1626556889
1626557633
1626561900
1626563810
1626566452
1626568517
1626569098
1626573072
1626584347
1626587395
1626588021
1626589005
1626589908
1626593553
1626597337
1626600366
1626602400
1626602824
1626603614
1626603953
1626606142
1626607819
1626608533
1626610482
1626612750
1626613873
1626614753
1626620347
1626621850
1626623039
1626623279
1626624079
1626624733
1626629944
1626632595
1626632884
1626633939
1626637860
1626638549
1626638690
1626640457
1626640923
1626641055
1626641712
1626643495
1626643969
1626644733
1626653291
1626657809
1626660765
1626670440
1626673074
1626675546
1626677625
1626678060
1626680878
1626681740
1626682553
1626683787
1626685301
1626686913
1626697107
1626697397
1626700811
1626704332
1626711510
1626714677
1626717409
1626724962
1626729101
1626730282
1626731940
1626735110
1626741378
1626745140
1626764184
1626767454
1626768901
1626769356
1626772087
1626774743
1626775605
1626780650
1626782274
1626784413
1626784680
1626793336
1626813529
1626822000
1626841078
1626843762
1626848214
1626853104
1626854664
1626856924
1626860966
1626862019
1626862416
1626863700
1626869309
1626872214
1626876601
1626877340
1626881061
1626883625
1626897863
1626924866
1626941241
1626942014
1626947553
1626951096
1626965550
1626971424
1626972150
1626972196
1626974711
1626977521
1626979201
1627030503
1627037268
1627043035
1627073255
1627077444
1627109804
1627125825
1627235114
1627261980
1627330521
1627357069
1627407531
1627423926
1627487935
1628454587
1628765584
1630019374
1630397220
1630559460
1631987022
1632759117
1634264700
1634665740
1635065951
1640275672
1641504434
1644440188
1644448292
1645813380
1645900080
1646604645
1646678632
1646688423
1647013953